R1_shots.zip
.gemini/.env
.vscode/settings.json
.gemini/settings.json
.github/copilot-instructions.md
R1-logs2.txt
R1-logs.txt
test 5-logs.txt
test3-logs.txt
doseout-logs.txt
test 4 -logs.txt
output-logs.txt
28102025-logs.txt
30102025-logs.txt
# skin.tcl
.DS_Store
shots/.DS_Store
shots/shots/2025-09-12T16:04:38.049213.json
shots/shots/2025-09-12T16:05:04.371516.json
shots/shots/2025-09-12T16:06:30.701658.json
shots/shots/2025-09-12T16:09:10.989651.json
shots/shots/2025-09-12T16:11:46.540603.json
shots/shots/2025-09-12T16:15:50.617005.json
shots/shots/2025-09-12T16:19:59.140944.json
shots/shots/2025-09-12T16:28:16.013206.json
shots/shots/2025-09-12T17:39:12.564109.json
shots/shots/2025-09-12T17:39:33.636204.json
shots/shots/2025-09-12T17:53:32.684176.json
shots/shots/2025-09-12T17:56:15.958259.json
shots/shots/2025-09-12T18:09:21.953116.json
shots/shots/2025-09-15T14:15:31.675095.json
shots/shots/2025-09-15T14:15:52.677946.json
shots/shots/2025-09-15T14:16:26.342152.json
shots/shots/2025-09-15T14:50:48.002824.json
shots/shots/2025-09-15T15:15:30.052744.json
shots/shots/2025-09-15T15:34:34.417982.json
shots/shots/2025-09-15T16:17:32.814151.json
shots/shots/2025-09-15T16:19:12.640943.json
shots/shots/2025-09-15T16:28:47.417747.json
shots/shots/2025-09-15T17:32:26.914925.json
shots/shots/2025-09-17T10:20:39.688223.json
shots/shots/2025-09-17T10:21:25.671748.json
shots/shots/2025-09-17T10:22:06.677234.json
shots/shots/2025-09-17T10:28:39.700291.json
shots/shots/2025-09-17T10:31:55.166649.json
shots/shots/2025-09-17T10:32:09.166360.json
shots/shots/2025-09-17T10:36:19.139173.json
shots/shots/2025-09-17T11:13:23.723915.json
shots/shots/2025-09-17T11:14:11.534326.json
shots/shots/2025-09-17T11:14:35.175401.json
shots/shots/2025-09-17T11:48:07.655041.json
shots/shots/2025-09-17T11:48:25.127076.json
shots/shots/2025-09-17T11:48:55.863366.json
shots/shots/2025-09-17T11:49:07.681297.json
shots/shots/2025-09-17T12:55:33.959950.json
shots/shots/2025-09-17T12:56:29.429107.json
shots/shots/2025-09-17T12:56:56.668413.json
shots/shots/2025-09-17T15:02:55.021734.json
shots/shots/2025-09-17T15:03:36.540752.json
shots/shots/2025-09-17T15:10:43.854832.json
shots/shots/2025-09-17T15:14:49.834451.json
shots/shots/2025-09-17T15:15:06.605671.json
shots/shots/2025-10-20T11:09:26.858724.json
shots/shots/2025-10-23T12:45:43.461408.json
shots/shots/2025-10-23T17:47:19.191719.json
shots/shots/2025-10-23T17:49:19.342133.json
shots/shots/2025-10-23T17:50:35.479782.json
shots/shots/2025-10-23T17:51:01.930770.json
shots/shots/2025-10-23T17:52:26.559815.json
shots/shots/2025-10-23T17:54:38.660202.json
shots/shots/2025-10-23T17:55:32.254879.json
shots/shots/2025-10-23T17:57:13.294701.json
shots/shots/2025-10-23T18:05:43.023359.json
shots/shots/2025-10-30T16:26:13.433662.json
shots/shots/2025-10-31T15:28:47.249341.json


index-figma.html
index-scaling.html


togglecolor.html
shots/2025-09-12T16:04:38.049213.json
shots/shots/2025-10-31T17:24:57.835971.json
shots/shots/2025-10-31T17:32:36.887310.json
shots/shots/2025-11-03T15:08:52.874477.json
websocket_v1.yml
best_practice.json
shots/vid_shot.json
shots/vid_shot.json
best_practice.json
rao_allonge.json

a9_shots.zip
shots/a9_shots.json
figma-oriscale.html

tcl_visualizerparser.txt
decent_json.txt
visualizer_openapi.yaml
shots/Visualizer_JW ASL 2 from Visualizer.tcl
shots/shots/20251125T180716.shot
plugin.tcl
/Users/markc/Documents/streamline_js/streamline_project/src/modules/visualizer.js
visualizer upload 2 .txt
visualizer_pluging.txt
Plugins.md

